68 2
21 2.2152183 -3.3316998
15 2.2046714 -3.2647493
61 2.1378093 -3.2027822
23 2.2157388 -3.1657825
64 2.1231399 -3.115206
46 2.219965 -3.2747858
19 2.2457652 -3.336041
47 2.1640692 -3.1414595
16 2.2065263 -3.259917
66 2.0711493 -3.1975758
63 0.9070684 0.35270256
53 0.8683311 0.32399175
11 0.8229728 0.18429667
5 0.8615463 0.23163909
50 0.82547617 0.33546895
40 0.8269359 0.03097792
18 0.813011 -0.031166123
7 0.8996984 0.2936971
55 0.9474614 0.397436
22 0.9230557 0.0042855763
49 0.89274263 0.04239971
6 0.84662193 0.25895235
29 0.957473 -0.5002726
56 1.1202513 -0.5687514
62 0.86665 0.031623814
13 0.8652043 0.07224239
65 1.1154387 -0.6354156
31 1.1078537 -0.67385894
58 1.1592975 -0.59347785
10 1.1063082 -0.6333279
20 0.8804816 0.038513325
14 0.7851554 0.16435361
54 0.87825114 0.050743595
43 0.85243905 0.07121557
60 0.7476581 -0.039368574
8 0.83173686 -0.0004810493
9 0.722172 -0.017358743
39 1.3596623 1.0921733
28 1.0137568 -0.56579983
57 3.9315104 4.2793846
44 3.980892 4.3648367
25 4.2789745 4.5509095
45 1.0976764 -0.5647207
2 1.3208838 0.98675054
26 3.9931955 4.306254
41 0.85725397 0.06562159
59 1.1153497 0.7226234
4 1.1902009 0.82151884
38 1.3857327 1.0760216
3 1.3817354 1.1126877
33 2.2382429 2.119569
51 2.3422594 2.1445653
34 2.7700553 2.6080124
27 1.9295378 -2.7189827
68 1.9910957 -2.8412807
42 2.8006523 2.6700792
48 0.8777716 0.3326251
36 1.8441385 -2.3862522
30 2.053033 -2.6930022
32 0.9304607 0.3230473
35 2.0504487 -2.6161504
24 2.0145257 -2.5841422
67 0.92288256 -0.10317321
17 4.0006266 4.2875557
52 3.9029424 4.1564937
12 0.82266355 0.0066692256
37 2.2753477 2.0843427
1 2.358427 2.1121335
